2018010612
2018010700
2018010900
2018011000
2018011100
2018011300
2018011400
2018020212
2018020800
2018121400
2019011500
2019011512
2019011600
2019011712
2019012312
2019020900
2019021100
2019021112
2019021200
2019021212
2019021300
2019021312
2019021400
2019021412
2019021500
2019021512
2019021600
2019021612
2019021700
2019021712
2019021800
2019021812
2019021900
2019021912
2019022000
2019022012
2019022100
2019022112
2019022200
2019022212
2019022300
2019022312
2019022400
2019022412
2019022500
2019022512
2019022600
2019022700
2019022712
2019022812
2019030100
2019030112
2019030200
2019030212
2019030312
2019030500
2019030600
2019030612
2019030700
2019030712
2019030800
2019030900
2019031212
2019031300
2019031512
2019031612
2019031812
2019031900
2019032112
2019032312
2019032412
2019032512
2019032600
2019032712
2019032812
2019032912
2019040412
2019040612
2019041112
2019041700
2019042412
2019042512
2019042612
2019050100
2019050112
2019050312
2019050400
2019050412
2019050612
2019050700
2019051000
2019051100
2019051400
2019051500
2019051600
2019051700
2019051800
2019051900
2019052000
2019052800
2019052812
2019052912
2019060612
2019060700
2019060900
2019061112
2019061212
2019061300
2019061512
2019061700
2019061712
2019061800
2019061812
2019061900
2019061912
2019062012
2019062300
2019062312
2019062512
2019062912
2019070200
2019070312
2019070412
2019070612
2019070712
2019090600
2019102712
2019121312
2019121312
2019122200
2019122212
2019122300
2019122312
2019122400
2019122412
2019122600
2019122612
2019122700
2019122712
2019122800
2020012812
2020012900
2020012900
2020040200

